0.422464
0.228558
0.109939
0.0833896
0.0713819
0.0670224
0.07303
0.046518
0.042237
0.0423158
0.0449842
0.0594857
0.0583276
0.0571063
0.0571494
0.0531327
0.0592498
0.0714081
0.0682643
0.0579566
0.0438127
0.0428712
0.0465645
0.0379614
0.0367831
0.0526348
0.0539995
0.049665
0.057356
0.0563934
0.0535737
0.0569872
0.0510969
0.0506696
0.0496323
0.0506079
0.0617422
0.0497296
0.0598382
0.0567124
0.0525717
0.0488376
0.0520911
0.0525103
0.0558916
0.0595738
0.0541877
0.0554832
0.0572286
0.0646346
0.0621972
0.0555737
0.0630912
0.0562338
0.0535558
0.058025
0.0665663
0.0610401
0.0546591
0.055013
0.0699748
0.0834778
0.0711529
0.0836516
0.0916326
0.0955963
0.0928821
0.0914564
0.101235
0.0888984
0.073355
0.042656
0.0423231
0.0464889
0.0445868
0.0469349
0.0419426
0.0393071
0.0532379
0.0574748
0.0459897
0.0571076
0.0505411
0.0593919
0.0600156
0.0542752
0.0461072
0.0528239
0.0455374
0.0447279
0.0445298
0.0479226
0.0692789
0.0520499
0.0473075
0.0488658
0.0535463
0.0442301
0.0462569
0.0414424
0.0444771
0.0437035
0.038783
0.0415832
0.0416607
0.0372667
0.0376382
0.0397425
0.0377304
0.122494
0.0894702
0.0417743
0.0567619
0.0690266
0.0644804
0.0734768
0.0632081
0.0722136
0.0654815
0.0630508
0.0416153
0.0459113
0.0483041
0.0526674
0.0497781
0.037814
0.034666
0.0388119
0.0335268
0.032565
0.0334041
0.0344986
0.0338049
0.0315253
0.0314052
0.0343711
0.0340376
0.0373581
0.0346011
0.0361164
0.0348616
0.0396732
0.0343951
0.0325336
0.0321806
0.0336007
0.0392987
0.0387187
0.0372721
0.0331053
0.0352042
0.0361575
0.0355325
0.0371889
0.0338417
0.0347648
0.0357403
0.0357221
0.0374897
0.0354694
0.0353797
0.0395178
0.0355643
0.0395572
0.0431208
0.0442391
0.0402896
0.0393095
0.0425787
0.0370758
0.0341371
0.0348088
0.0348003
0.0411897
0.0365218
0.0365882
0.0388496
0.0380451
0.0573648
0.0430244
0.0381695
0.0388668
0.0373627
0.0369958
0.0373267
0.0504028
0.0441093
0.0542504
0.0422459
0.0388397
0.0346058
0.0396781
0.0358271
0.0398916
0.042081
0.0413171
0.0419356
0.0455879
0.0398115
0.0437807
0.0407332
0.0407206
0.0393416
0.0398358
0.0368724
0.0362574
0.0393105
0.0369177
0.0414566
0.040912
0.0396686
0.0361492
0.0361237
0.0369334
0.0472079
0.041956
0.0500576
0.0399767
0.0422225
0.0407909
0.0429931
0.0753977
0.0379285
0.0381493
0.0340054
0.0372732
0.0377659
0.0365049
0.0402499
0.0411491
0.0390207
0.0454564
0.0401491
0.0395221
0.0378817
0.0382616
0.0359336
0.0389304
0.0398948
0.0455632
0.0419492
0.0374223
0.0384675
0.0412074
0.0456228
0.0448638
0.0417267
0.0422851
0.0488215
0.0478453
0.0416842
0.0405702
0.0392674
0.0474872
0.0568886
0.0488745
0.0475403
0.0460025
0.0471206
0.0474137
0.0505153
0.054406
0.0558487
0.0492838
0.0406722
0.0369561
0.128985
0.137692
0.0897398
0.043743
0.0444112
0.0461187
0.0437276
0.043532
0.0428068
0.0409744
0.0385465
0.0383143
0.0434598
0.0389029
0.0418572
0.0478178
0.0499055
0.0466462
0.0406585
0.03855
0.0399266
0.0397072
0.0390099
0.0388541
0.041089
0.037013
0.0453052
0.0425768
0.0404314
0.0411398
0.0418199
0.0397952
0.0371702
0.031334
0.031766
0.0432857
0.0385906
0.038668
0.0326111
0.03338
0.0308121
0.0342287
0.0307138
0.0385253
0.0343216
0.0422002
0.0434494
0.0418464
0.0366889
0.0588057
0.0541645
0.0622688
0.0587468
0.0331973
0.0301112
0.0344905
0.0332114
0.0373678
0.033845
0.0290276
0.0311217
0.0367443
0.0432867
0.0320225
0.0352416
0.0355092
0.0381531
0.0323201
0.0341804
0.0363542
0.0300105
0.0287097
0.0323097
0.0291828
0.0286085
0.0296954
0.0366366
0.029099
0.0367924
0.0321679
0.0334107
0.0344204
0.0310625
0.0293855
0.0318605
0.0333166
0.0273346
0.0322413
0.0307487
0.0305429
0.0410573
0.0343903
0.0396654
0.0403601
0.0644385
0.033479
0.0322074
0.0319158
0.032535
0.0397848
0.0429481
0.0331126
0.0376749
0.0475191
0.0445283
0.0371951
0.0332689
0.0361662
0.0364976
0.0355615
0.0355847
0.0833221
0.0702183
0.0407262
0.0411648
0.0354795
0.0415301
0.0356693
0.0343549
0.0390612
0.0444064
0.04437
0.0400622
0.0335087
0.033117
0.0498962
0.0344537
0.042718
0.0311094
0.0347349
0.0339171
0.039381
0.0480906
0.0462367
0.04491
0.0362055
0.0339221
0.0407629
0.0465505
0.0395994
0.0357541
0.0398669
0.0395713
0.0386479
0.0379373
0.0364395
0.0315787
0.0315968
0.0325364
0.0327092
0.0354964
0.0354591
0.0377751
0.0321232
0.0321342
0.0356999
0.031154
0.0304547
0.0324555
0.0331965
0.0357751
0.0311874
0.0337609
0.0322279
0.0328277
0.0355877
0.0353059
0.0355788
0.0366314
0.040991
0.0390433
0.0326812
0.0375701
0.0343098
0.0330288
0.0350579
0.0331538
0.0373416
0.0377525
0.0363017
0.0361808
0.0319048
0.0321026
0.0335527
0.0319753
0.0346339
0.0337603
0.0354906
0.0322658
0.0335683
0.0359401
0.0391516
0.0340299
0.0318539
0.0270327
0.0270283
0.0271022
0.0274604
0.0274855
0.029484
0.0347958
0.0280322
0.0261176
0.0278426
0.0269065
0.0317485
0.0309514
0.0301593
0.0271179
0.0262128
0.0308032
0.0280513
0.0305968
0.0270024
0.0275206
0.0303779
0.027841
0.0272217
0.0297524
0.0283698
0.0263616
0.0369672
0.040431
0.0508646
0.0455895
0.0450975
0.0293435
0.029788
0.0310858
0.0304809
0.0315319
0.0295229
0.0283718
0.0300933
0.0385901
0.0333351
0.0317522
0.0285038
0.0319627
0.0294385
0.0305673
0.0313254
0.0299052
0.0317766
0.0330192
0.0294866
0.0307039
0.0333426
0.0289445
0.0274295
0.0306881
0.0366973
0.0278233
0.0287312
0.0278782
0.0313862
0.0336727
0.0341459
0.0381111
0.0350604
0.0310815
0.0309947
0.0301992
0.0341465
0.0302708
0.0372697
0.0315708
0.0375224
0.0309196
0.0347026
0.0333082
0.0323089
0.038179
0.035643
